5.849977
6.350481
6.423934
6.423934
6.36246
6.359809
6.573717
6.691156
6.786455
6.719327
6.719327
7.1555
6.971023
7.060881
7.248175
6.9728
6.732747
6.718325
6.718325
6.718325
6.755758
6.540859
6.540859
6.402945
6.402945
6.575144
6.689849
6.710672
6.165102
5.760373
5.760373
5.918127
5.918127
5.918127
5.918127
5.347502
5.347502
5.347502
5.347502
5.347502
5.347502
5.347502
5.016099
5.016099
5.016099
4.62931
4.62931
4.62931
4.62931
4.62931
4.62931
4.62931
4.656389
4.656389
4.656389
4.656389
4.80308
4.80308
4.80308
4.80308
4.80308
4.80308
4.80308
4.80308
4.80308
4.80308
4.80308
4.80308
4.80308
4.80308
4.80308
4.80308
4.80308
4.80308
4.80308
5.137997
5.137997
5.137997
5.137997
5.717476
5.717476
5.717476
5.717476
5.717476
5.717476
5.717476
5.717476
5.717476
5.717476
5.717476
5.717476
5.717476
5.717476
5.717476
5.717476
5.717476
5.717476
5.717476
5.717476
5.711973
5.711973
5.711973
5.711973
5.711973
5.711973
5.711973
5.711973
5.711973
5.711973
5.711973
5.711973
5.711973
5.711973
5.711973
5.711973
5.711973
5.711973
5.711973
5.711973
5.711973
5.711973
5.711973
5.932222
5.932222
5.932222
5.932222
5.932222
5.932222
5.932222
5.932222
5.932222
5.932222
5.932222
5.932222
5.932222
5.932222
5.932222
5.932222
5.932222
5.932222
5.932222
5.932222
5.932222
5.932222
5.932222
5.932222
5.932222
5.932222
5.932222
5.932222
5.932222
5.932222
5.932222
5.932222
5.932222
5.932222
5.932222
5.932222
5.932222
5.932222
5.932222
5.932222
5.932222
5.932222
5.932222
5.932222
5.932222
5.932222
5.932222
5.932222
5.932222
5.932222
5.932222
5.932222
5.932222
5.932222
5.932222
5.932222
5.932222
5.932222
5.932222
5.932222
5.932222
5.932222
5.932222
5.932222
5.932222
5.932222
5.932222
5.932222
5.932222
5.932222
5.932222
5.932222
5.932222
5.932222
5.932222
5.932222
5.932222
5.932222
5.932222
5.932222
5.932222
5.932222
5.932222
5.932222
5.932222
5.932222
5.932222
5.932222
5.932222
5.932222
5.932222
5.932222
5.932222
5.932222
5.932222
5.932222
5.932222
5.932222
5.932222
NaN
NaN
NaN
NaN
NaN
NaN
NaN
NaN
NaN
NaN
NaN
NaN
NaN
NaN
NaN
NaN
NaN
NaN
NaN
NaN
NaN
NaN
NaN
NaN
NaN
NaN
NaN
NaN
NaN
NaN
NaN
NaN
NaN
NaN
NaN
NaN
NaN
NaN
NaN
NaN
NaN
NaN
NaN
NaN
NaN
NaN
NaN
NaN
NaN
NaN
NaN
NaN
NaN
NaN
NaN
NaN
NaN
NaN
NaN
NaN
NaN
NaN
NaN
NaN
NaN
NaN
NaN
NaN
NaN
NaN
NaN
NaN
NaN
NaN
NaN
NaN
NaN
NaN
NaN
NaN
NaN
NaN
NaN
NaN
NaN
NaN
NaN
NaN
NaN
NaN
NaN
NaN
NaN
NaN
NaN
NaN
NaN
NaN
NaN
NaN
NaN
NaN
NaN
NaN
NaN
NaN
NaN
NaN
NaN
NaN
NaN
NaN
NaN
NaN
NaN
NaN
NaN
NaN
NaN
NaN
NaN
NaN
NaN
NaN
NaN
NaN
NaN
NaN
NaN
NaN
NaN
NaN
NaN
NaN
NaN
NaN
NaN
NaN
NaN
NaN
NaN
NaN
NaN
NaN
NaN
NaN
NaN
NaN
NaN
NaN
NaN
NaN
NaN
NaN
NaN
NaN
NaN
NaN
NaN
NaN
NaN
NaN
NaN
NaN
NaN
NaN
NaN
NaN
NaN
NaN
NaN
NaN
NaN
NaN
NaN
NaN
NaN
NaN
NaN
NaN
NaN
NaN
NaN
NaN
NaN
NaN
NaN
NaN
NaN
NaN
