5.28843
5.28843
5.28843
5.790757
5.790757
5.853755
5.853755
6.187503
6.157567
6.232961
5.872306
5.664694
5.410999
5.062415
5.062415
5.091172
4.865751
4.988133
4.988133
4.988133
5.53574
4.894319
4.897672
5.056365
5.056365
5.067712
5.08614
5.071911
4.973534
4.666875
4.538245
4.538245
4.658461
4.658461
4.591361
4.591361
4.30936
4.30936
4.30936
4.11694
4.11694
4.045076
4.07235
4.07235
4.020069
4.083229
4.220493
4.220493
4.094529
4.094529
4.058053
4.058053
4.058053
4.058053
4.058053
4.058053
4.058053
4.058053
4.058053
4.058053
4.058053
4.058053
4.058053
4.220657
4.220657
4.12819
4.501853
4.501853
4.501853
4.489282
4.489282
4.489282
4.489282
4.489282
5.169466
5.169466
5.169466
5.756395
5.756395
5.756395
5.756395
5.756395
5.756395
5.756395
5.756395
5.756395
5.756395
5.756395
5.756395
5.756395
5.756395
5.756395
5.756395
5.756395
5.756395
5.756395
5.756395
5.756395
5.756395
5.756395
5.756395
5.756395
5.756395
5.756395
5.756395
5.756395
5.756395
5.756395
5.756395
6.148212
6.148212
6.148212
6.148212
6.148212
6.148212
6.148212
6.148212
6.148212
6.148212
6.148212
6.148212
6.148212
6.148212
6.148212
6.148212
6.148212
6.148212
4.811628
4.811628
4.811628
4.811628
4.811628
4.811628
7.3762
7.3762
7.3762
7.3762
7.3762
7.3762
7.3762
7.3762
7.3762
7.3762
7.3762
7.3762
7.3762
7.3762
7.3762
7.3762
7.3762
7.3762
7.3762
7.3762
7.3762
7.3762
7.3762
7.3762
7.3762
7.3762
7.3762
7.3762
7.3762
7.3762
7.3762
7.3762
7.3762
7.3762
7.3762
NaN
NaN
NaN
NaN
NaN
NaN
NaN
NaN
NaN
NaN
NaN
NaN
NaN
NaN
NaN
NaN
NaN
NaN
NaN
NaN
NaN
NaN
NaN
NaN
NaN
NaN
NaN
NaN
NaN
NaN
NaN
NaN
NaN
NaN
NaN
NaN
NaN
NaN
NaN
NaN
NaN
NaN
NaN
NaN
NaN
NaN
NaN
NaN
NaN
NaN
NaN
NaN
NaN
NaN
NaN
NaN
NaN
NaN
NaN
NaN
NaN
NaN
NaN
NaN
NaN
NaN
NaN
NaN
NaN
NaN
NaN
NaN
NaN
NaN
NaN
NaN
NaN
NaN
NaN
NaN
NaN
NaN
NaN
NaN
NaN
NaN
NaN
NaN
NaN
NaN
NaN
NaN
NaN
NaN
NaN
NaN
NaN
NaN
NaN
NaN
NaN
NaN
NaN
NaN
NaN
NaN
NaN
NaN
NaN
NaN
NaN
NaN
NaN
NaN
NaN
NaN
NaN
NaN
NaN
NaN
NaN
NaN
NaN
NaN
NaN
NaN
NaN
NaN
NaN
NaN
NaN
NaN
NaN
NaN
NaN
NaN
NaN
NaN
NaN
