21
20
20
20
24
24
22
21
20
18
21
19
17
17
20
19
18
17
16
15
15
15
14
14
13
10
10
10
10
10
10
10
10
8
8
8
8
8
7
7
13
13
11
11
10
10
10
10
10
10
10
12
11
11
10
9
9
9
9
18
18
18
18
17
20
20
20
20
35
35
34
34
34
34
34
40
43
43
42
51
51
51
54
54
66
66
72
78
92
92
97
124
124
126
132
132
135
134
146
149
149
164
180
181
196
229
248
250
258
264
264
264
273
307
313
312
326
331
326
325
327
332
336
332
337
339
340
329
312
311
306
294
271
261
245
233
214
211
211
206
193
163
152
126
114
110
109
103
90
85
70
60
54
41
36
32
32
32
31
31
27
26
26
24
23
23
22
22
22
25
25
25
24
27
27
26
26
26
25
25
28
28
28
27
30
30
30
33
36
36
39
45
57
60
60
60
63
71
71
74
74
80
80
83
92
99
111
111
110
109
109
111
111
111
114
115
115
113
112
112
111
113
116
125
122
122
122
117
117
116
117
117
116
108
106
106
104
102
102
100
99
101
100
87
87
82
80
82
82
79
72
65
65
63
63
63
62
62
57
57
53
52
48
48
48
48
48
46
45
44
41
41
41
44
47
46
46
45
44
47
53
54
53
59
58
57
56
59
62
62
65
68
68
68
66
63
63
69
69
68
77
77
80
79
79
82
84
87
83
82
84
86
88
88
86
87
87
86
89
91
90
90
92
92
94
92
91
91
90
86
84
82
82
76
67
65
61
59
55
55
55
57
56
56
59
61
60
56
54
51
51
49
49
52
47
45
44
44
43
43
42
42
44
44
46
49
52
52
63
63
65
68
71
67
70
70
73
75
74
74
77
77
75
88
90
92
95
95
95
94
94
94
94
94
92
92
95
92
93
89
89
87
90
90
90
86
82
79
79
79
76
