3.664483
3.549284
3.624153
3.624153
4.138368
4.138368
4.185718
4.099364
4.063394
3.947447
3.92485
4.04575
4.081553
4.081553
4.052939
4.085056
4.017627
3.876445
3.903553
3.961326
3.961326
3.961326
3.865793
3.865793
3.87168
3.658461
3.658461
3.658461
3.658461
3.658461
3.658461
3.658461
3.658461
3.248379
3.248379
3.248379
3.248379
3.248379
3.171109
3.171109
3.828195
3.828195
3.688813
3.688813
3.598215
3.598215
3.598215
3.598215
3.598215
3.598215
3.598215
3.94031
3.880811
3.880811
3.809413
3.811651
3.811651
3.811651
3.811651
4.203223
4.203223
4.203223
4.203223
4.180189
4.24238
4.24238
4.24238
4.24238
4.018519
4.018519
4.00157
4.00157
4.00157
4.00157
4.00157
4.090552
4.125732
4.125732
4.135391
4.216461
4.216461
4.216461
4.237479
4.237479
4.282564
4.282564
4.272134
4.296954
4.291317
4.291317
4.297942
4.341414
4.341414
4.332609
4.324645
4.324645
4.330648
4.335205
4.342075
4.347164
4.35597
4.374594
4.388833
4.38997
4.388909
4.384758
4.3863
4.386656
4.388025
4.387753
4.387754
4.387754
4.383767
4.367553
4.363704
4.366468
4.369451
4.369882
4.371799
4.371449
4.372008
4.372785
4.360456
4.365537
4.372834
4.372209
4.373718
4.367932
4.359777
4.359022
4.357313
4.34762
4.339889
4.335986
4.326224
4.343099
4.334036
4.330329
4.330329
4.325502
4.316996
4.323913
4.28881
4.289889
4.260672
4.254922
4.25381
4.23651
4.19913
4.18872
4.10483
4.07602
4.036603
4.027636
3.961013
3.888625
3.888625
3.888625
3.8729
3.8729
3.830749
3.809774
3.809774
3.780804
3.754921
3.754921
3.726685
3.726685
3.726685
3.752131
3.752131
3.752131
3.726131
3.822649
3.822649
3.801363
3.801363
3.801363
3.769626
3.769626
3.822891
3.822891
3.822891
3.794301
3.841547
3.841547
3.841547
3.887114
3.909639
3.909639
3.928698
3.798744
3.810917
3.768073
3.768073
3.768073
3.744931
3.807747
3.807747
3.826355
3.826355
3.867586
3.867586
3.859664
3.841333
3.834405
3.762872
3.762872
3.763262
3.759646
3.759646
3.738723
3.738723
3.738723
3.748302
3.755768
3.755768
3.748659
3.745009
3.745009
3.737354
3.747471
3.759763
3.792331
3.76722
3.76722
3.76722
3.744004
3.744004
3.74421
3.747275
3.772986
3.777218
3.808118
3.803704
3.803704
3.778122
3.770685
3.770685
3.776078
3.774988
3.784185
3.777719
3.85743
3.85743
3.883164
3.873574
3.879497
3.879497
3.863406
3.878063
3.84966
3.84966
3.843891
3.843891
3.843891
3.852952
3.852952
3.863297
3.863297
3.894763
3.885506
3.873103
3.873103
3.873103
3.873103
3.873103
3.854799
3.845644
3.837073
3.857666
3.857666
3.857666
3.883695
3.905529
3.904807
3.904807
3.925935
3.914461
3.929969
3.920112
3.927037
3.923723
3.925928
3.921937
3.938917
3.932087
3.951884
3.962821
3.962821
3.974326
3.940168
3.940168
3.940168
3.929443
3.919889
3.919889
3.954807
3.954807
3.947003
3.916453
3.917251
3.904976
3.900916
3.900916
3.91555
3.927167
3.944139
3.933203
3.930802
3.93815
3.931325
3.926673
3.926673
3.9353
3.912702
3.912702
3.909858
3.909444
3.917297
3.918274
3.918274
3.928301
3.928301
3.925246
3.916634
3.913387
3.913387
3.910979
3.919396
3.90901
3.909456
3.909456
3.897171
3.84763
3.841148
3.858183
3.846186
3.829023
3.829023
3.829023
3.815173
3.78916
3.78916
3.808233
3.795694
3.788754
3.756224
3.734024
3.707514
3.707514
3.691246
3.691246
3.675932
3.672289
3.690232
3.692667
3.692667
3.709845
3.709845
3.700491
3.700491
3.710538
3.710538
3.733534
3.719192
3.730467
3.730467
3.66685
3.66685
3.68431
3.686326
3.674452
3.651691
3.659152
3.659152
3.669476
3.69648
3.689327
3.689327
3.688582
3.688582
3.703977
3.625239
3.627008
3.620478
3.621022
3.621022
3.617444
3.614464
3.614464
3.614464
3.603345
3.603345
3.595352
3.595352
3.6165
3.598604
3.601436
3.587552
3.587552
3.591271
3.597635
3.597635
3.597635
3.576848
3.584256
3.578266
3.578266
3.578266
3.594363
