20
23
21
19
20
18
18
20
23
25
25
24
23
23
31
40
39
48
47
46
48
47
50
58
67
65
68
68
68
85
89
88
91
93
92
92
88
87
87
86
76
76
81
83
80
74
73
75
75
74
63
63
63
61
61
60
56
54
53
58
57
57
57
56
53
53
53
48
44
43
42
41
40
39
32
32
32
30
30
29
29
27
27
27
25
24
23
25
24
23
25
30
33
41
41
44
43
46
44
44
52
60
59
61
61
73
73
72
74
81
81
86
86
86
81
86
85
80
80
79
82
78
77
80
80
78
67
69
66
65
63
61
58
55
54
52
50
48
44
44
42
41
40
37
37
36
35
31
30
24
24
24
24
23
23
22
22
21
24
24
24
24
26
26
25
25
28
28
28
27
31
37
40
43
43
46
45
48
50
50
53
59
63
63
65
65
67
67
66
69
68
68
66
71
71
80
80
79
75
75
83
83
89
95
90
92
95
101
101
101
99
98
95
95
95
90
88
89
88
84
82
81
73
72
68
65
61
56
54
47
42
39
39
39
38
37
37
37
37
34
38
38
36
36
35
35
38
39
39
42
47
49
49
49
52
54
54
54
60
65
65
62
62
64
64
64
67
70
70
66
68
68
65
63
66
65
62
60
59
62
62
59
57
57
55
53
53
52
48
46
47
47
45
42
42
42
42
42
42
41
41
44
40
40
39
42
42
