4.618646912045
4.607859
4.552285
4.591
4.238353
4.299932
4.299932
4.724517
4.837792
4.912045
4.912045
4.957135
4.916768
4.916768
4.793081
4.935316
4.904662
4.946816
4.913891
4.94317
4.962514
4.976012
5.052574
5.070623
5.144374
5.259006
5.239837
5.239837
5.239837
5.271016
5.216276
5.242131
5.239298
5.240863
5.229872
5.229872
5.221756
5.224501
5.224501
5.227308
5.258097
5.258097
5.277875
5.277763
5.257671
5.222858
5.230094
5.215053
5.215053
5.22033
5.150184
5.150184
5.150184
5.132092
5.126895
5.126407
5.145063
5.162806
5.153683
5.13653
5.127586
5.127586
5.127586
5.138152
5.129613
5.129613
5.129613
5.135667
5.147995
5.136406
5.143832
5.147754
5.135289
5.122185
5.251133
5.251133
5.251133
5.221824
5.221824
5.240989
5.240989
5.230263
5.230263
5.230263
5.231243
5.212096
5.214527
5.220997
5.240819
5.26581
5.251192
5.25475
5.225633
5.276405
5.276405
5.284918
5.282571
5.259869
5.265624
5.265624
5.323421
5.326516
5.325362
5.322994
5.322994
5.379431
5.379431
5.376465
5.38496
5.378036
5.378036
5.377262
5.377262
5.377262
5.386709
5.383475
5.388757
5.383524
5.383524
5.379635
5.375698
5.3778
5.373736
5.360982
5.376298
5.375716
5.328005
5.333486
5.318727
5.313004
5.32156
5.311423
5.326716
5.33063
5.333644
5.339033
5.324965
5.333357
5.340654
5.340654
5.350075
5.36676
5.35866
5.354366
5.354366
5.346688
5.355248
5.392076
5.416278
5.420175
5.420175
5.420175
5.420175
5.441293
5.441293
5.454859
5.454859
5.443625
5.47299
5.47299
5.47299
5.47299
5.47244
5.47244
5.465663
5.465663
5.445988
5.445988
5.445988
5.447728
5.461607
5.437448
5.4481
5.449997
5.449997
5.442605
5.443524
5.449063
5.438495
5.438495
5.419454
5.399928
5.419802
5.419802
5.423226
5.423226
5.424167
5.424167
5.426321
5.415254
5.415164
5.415164
5.411271
5.409948
5.409948
5.422564
5.422564
5.423651
5.425998
5.425998
5.411994
5.411994
5.417353
5.41379
5.417713
5.417027
5.409855
5.402276
5.398552
5.398552
5.397002
5.395776
5.401114
5.401114
5.401114
5.399708
5.398142
5.403883
5.405268
5.41672
5.412573
5.409289
5.424735
5.426292
5.421402
5.416625
5.429543
5.43378
5.43158
5.437648
5.449401
5.447624
5.447624
5.447624
5.445414
5.443084
5.443084
5.443084
5.435651
5.420702
5.418191
5.418191
5.419891
5.419891
5.417639
5.417639
5.409671
5.406344
5.406344
5.419366
5.417408
5.409318
5.409318
5.409318
5.414059
5.412926
5.412926
5.412926
5.407302
5.394375
5.404743
5.402415
5.402415
5.403975
5.403975
5.403975
5.402773
5.405915
5.405915
5.40909
5.41125
5.400516
5.400979
5.39986
5.398961
5.400331
5.394694
5.395735
5.396897
5.394396
5.393407
5.397802
5.392844
5.392844
5.389895
5.385925
5.385925
5.385063
5.3925
5.392292
5.384833
5.384833
5.385026
5.388295
5.388295
5.388295
5.388295
5.388295
5.388295
5.386206
5.386206
5.385688
5.382214
5.382214
5.383847
5.38052
5.38052
